1 583539.569 3005362.32 -0.0119449362
2 583573.835 3005322.19 0.0858101007
3 583584.731 3005322.83 0.0632094484
4 583569.202 3005339.59 0.610850308
5 583541.017 3005369.56 -0.0998067158
6 583562.424 3005371.75 0.0839888753
7 583578.905 3005349.25 0.893313976
8 583593.073 3005333.19 0.480632516
9 583612.626 3005346.76 0.592496821
10 583601.305 3005356.04 1.01420013
11 583585.285 3005369.04 0.39477859
12 583594.058 3005372.08 0.195130198
13 583613.418 3005355.31 1.10062697
14 583626.437 3005357.19 0.700117306
15 583599.352 3005374.02 0.176343588
16 583605.543 3005377.83 -0.331388507
17 583621.313 3005359.84 1.05396463
18 583634.23 3005363.53 0.785472861
19 583626.896 3005373.19 0.925324045
20 583607.13 3005385.76 -0.305237228
21 583597.976 3005393.29 -0.379476813
22 583616.593 3005375.5 0.530981038
23 583631.112 3005367.5 1.04840806
24 583643.739 3005371.29 0.801907064
25 583626.434 3005388.13 0.529485082
26 583593.278 3005397.96 -0.39659021
27 583576.438 3005417.35 -0.15996513
28 583609.577 3005402.44 -0.0599509177
29 583629.79 3005390.95 0.558639278
30 583657.981 3005388.86 1.34962797
31 583660.465 3005392.44 1.25075984
32 583637.128 3005397.79 0.760984383
